              precision    recall  f1-score   support

           0       0.23      0.29      0.25      2961
           1       0.26      0.28      0.27      3423
           2       0.19      0.29      0.23      2948
           3       0.27      0.25      0.26      3073
           4       0.32      0.20      0.25      2926
           5       0.27      0.21      0.24      2709
           6       0.31      0.22      0.25      2975
           7       0.29      0.23      0.26      3107
           8       0.22      0.28      0.24      2875
           9       0.26      0.26      0.26      3003

    accuracy                           0.25     30000
   macro avg       0.26      0.25      0.25     30000
weighted avg       0.26      0.25      0.25     30000
